Index.

801071710011111, 11011011 de; 502 ’

801111 [00. 10100]; 506

8011017, 7011οῃ607 291

8011110101) ,11100016 60 7 295

80111050, 0511715

80110511, Τ11001007 185

8011171οο07 1557 255

....... 701107521

800010 8115160, Adam de; 125, 21071110)

....... Ν10110100 60; 288

....... 11011011ᾶο783

Sancta Maria 1105 0100011101101607 22

800010 Albano, Gilbert de; 2

.. ..., 11100001 de; 158

800010 David, Ρ11111711107 162, 246

800010 86010060, Α6010 de; 191

....... Alexander de; 140, 171, 226

....... 1101106101 de; ¹4

....... Ηο 1160727

....... 1101101607 28, 50, 45

800010 11000, 11101110 60; 156, 259

800010 70110000. 110501607 158

800010 0060, Wilham de; 170, 265

800010 Leode 0110, (1008107 de; 41

....... Re 10011607 509

800010 0010, 811000 de; 507

800010 Μο60160, John de; 179, 271

80110100, Simon 60 7 80

80061016, 1101000017 52

801161016 1. 11101110 [00. Ο1100]76, 21

8011610160, Robert 60785

....... Thomas de; 52, 214

80061012, 810711100 de; 158, 178, 279

80060011. 1101006 convent 017 1, 67

80111016, Τ1101000 de; 119

8001106000, 0011011 60; 71

8011000000, Μο11101117 280

....... 0111017280

80106011 700. 01100] 7 18

80011111, 0101607 279

800000, 81111110 607254

8001011110, (30011107 de; ¹4

....... Jordan 60 7 31

80010010, 11011110 07 56, 41

8000601100 00. Bucks]; 0110101101 St.
111011οο0 107 71

....... 01101011 01 81. 111017 1117 71

800001, 11017111 de; 5

800001, 11011011 107 19

800101010101, 110 111107 514

80010117, Walter 607 517

8011101, 811111, daughter 017 281

80111177001010077 505

801100 01, 0110 07510

807, Ν10110 00 de; 119

80011101000. SeeSkeffington

8001601011 [00. Νο11110010]; 117, 206

8001601015, 61111011 de; ¹9¹· 199, 215

80001010160. See 8110101016

80010010160, Ro 01607278

8001000117, 181107 279

80011060100,1Νο110 607 47

80111060οο0, 11011011 60; 221

8001010, 80011101, william de; 106, 147,

8011191621110810760 7 205 passim

800110, John de; 505

807101016, Thomas 60 7 77

80010 [00. Leics]; 502

8051010, Robert 60754

......, 8. 607 78, 278

801117, 0111101 006 convent 01798, 200

8011101105, 1110ὴο16607 122

8010007128

800171105011001, 11017111 60; 517

800711051010, 711101 006 convent 017
mfflffimmm

8000011100, Adam de; 42

80110, 0110711010 7 58

811011111115100 [00. Bucks]; 49

81101101οῑ00 [00. Leics]; 280

80010100 00. 800110 779

81101010 [0011010117278

811017011[οο. 1010017290, 518

811011016, 711101017 518

811011000,Α100 607172

81101117 [00. Eua& 61, 75

81101005100 [00. 00110] 7 77

81071100-0080000011 [00. 01100]; 54

Shipton-under-Wychwood [οο. Ο1100]7

8111111110 [co. 01100] 7 6
8111006006000, Roget de; 279
8161101101ῑ[00. Νο11110010]7 104, 195
81001100 00. Νο7111001017 160
8111010ηο 0010100 7 509, 511
816601111οι11, 11Ιο000 1000 60; 119, 215
816011010, Ρ1111171607 245

8160011001, Hugh de ; 215

....... 9101171607 267

8110117 [00. 10100717 ι509

8111000000, 110171 07 120, 210

....... 811000 607 120, 210

81111070, 1110110111, 1110 daughter 017 505
1 811100101,0101117186

81111111, Thomas 60 7 16

811000, 0110711οἰ07 50, 155 284, 287
....... 0105101017 156

13:133: 1111811111,

,11101100 000 017 165

8111171000 [00. Βο0110]; 81

81000001000, See 8111171000
Ι 8110111051οῃ[00. 10100]7095
Ι 81071100 [00. 800110 7 59, 65, 87
8101110100 0010100 7298, 518
8100110,Αο106607 ,5
8011101000. 8081081105100
801001117[00. 1010017 274
801001100 [00. Ο1100]7 8, 55
80101, 110110117 56
80016010 [00. Ο1100]7 55
8001011017 [00. 80011077 82
800111100111,71110100 convent 017 54,
80511106111071111131. Νο11110010]7 112 .
Spffflcshe'mma* SeeEspervenus,
Sparkesord‚ Robert de; 25, 42
8711501001, (1061107 7 518

....... Ν101101007518

8711011100 [00. 10100] 7 520

 

